$ 1 0.000005 10.20027730826997 44 5 43 5e-11
w 176 544 256 544 0
w 176 544 160 544 0
r 176 368 176 544 0 10000
w 112 544 48 544 0
w 144 384 48 384 0
w 144 384 144 496 0
w 176 288 144 288 0
w 128 544 112 544 0
f 144 496 144 544 32 1.5 40
g 48 544 48 592 0 0
r 48 384 48 544 0 10000
w 144 352 144 288 1
t 176 368 144 368 0 -1 -0.6934384968018494 -0.7393150047063084 100 spice-default
w 256 288 176 288 1
r 80 288 144 288 0 2.7
R 80 288 -48 288 0 0 40 4.2 0 0 0.5
d 176 368 176 288 2 default
v 464 544 464 288 0 0 40 5.16 0 0 0.5
r 336 400 336 544 0 0.1
34 zener-4.7 1 1.7143528192810002e-7 0 2.0000000000000084 4.7 1
z 256 336 256 288 2 zener-4.7
w 336 288 256 288 0
r 256 368 256 544 0 10000
w 336 544 256 544 0
w 368 288 336 288 1
w 464 544 336 544 0
r 368 288 464 288 0 1.8
p 176 208 96 208 1 0 0
r 176 288 176 208 0 1000
r 176 208 240 208 0 1000
g 240 208 288 208 0 0
r 256 544 256 624 0 10000
p 256 624 176 624 1 0 0
177 336 288 320 400 1 0.8969650650851655 0.8984984955737663 0.001 0.008199999999999999 50
v 544 288 544 544 0 0 40 32 0 0 0.5
z 256 704 256 624 2 zener-4.7
g 256 704 256 736 0 0
p 336 400 400 464 1 0 0
R -16 592 -80 592 0 0 40 2.5 0 0 0.5
r -16 592 -16 656 0 10000
r -16 656 -16 704 0 470
g -16 704 -16 720 0 0
p -16 656 64 656 1 0 0
409 656 704 784 704 3 0.6 0 0.023100000000000002 2
g 720 736 720 768 0 0
R 720 672 720 608 0 0 40 5 0 0 0.5
207 -16 656 -80 656 4 scr-ref
207 656 720 592 720 4 scr-ref
207 336 400 400 400 4 scr
207 464 688 400 688 4 scr
p 464 288 464 208 1 0 0
R 576 224 624 224 0 0 40 2 0 0 0.5
p 784 704 880 704 1 0 0
w 656 352 608 352 1
d 256 336 256 368 2 default
r 464 688 528 688 0 10000
w 528 688 656 688 0
g 528 768 528 816 0 0
34 fwdrop\q320 1 6.8e-10 0 0.5860994454335264 20 1
d 528 768 528 688 2 fwdrop\q320
d 528 688 528 624 2 fwdrop\q320
R 528 624 528 576 0 0 40 5 0 0 0.5
w 256 368 304 368 0
207 784 704 784 464 4 OVER_V_SENSE
207 176 208 176 112 4 BAT_V_SENSE
207 256 624 368 624 4 BAT_RVRS_SENSE
38 17 F1 0 0 6 -1 Voltage
